0 0.033333333333333
1 0.066666666666667
2 0.100000000000000
3 0.133333333333333
4 0.166666666666667
5 0.200000000000000
6 0.233333333333333
7 0.266666666666667
8 0.300000000000000
9 0.333333333333333
10 0.366666666666667
11 0.400000000000000
12 0.433333333333333
13 0.466666666666667
14 0.500000000000000
15 0.533333333333333
16 0.566666666666667
17 0.600000000000000
18 0.633333333333333
19 0.666666666666667
20 0.700000000000000
21 0.733333333333333
22 0.766666666666667
23 0.800000000000000
24 0.833333333333333
25 0.866666666666667
26 0.900000000000000
27 0.933333333333333
28 0.966666666666667
29 1.000000000000000
30 1.033333333333333
31 1.066666666666667
32 1.100000000000000
33 1.133333333333334
34 1.166666666666667
35 1.200000000000000
36 1.233333333333334
37 1.266666666666667
38 1.300000000000001
39 1.333333333333334
40 1.366666666666668
41 1.400000000000001
42 1.433333333333334
43 1.466666666666668
44 1.500000000000001
45 1.533333333333335
46 1.566666666666668
47 1.600000000000002
48 1.633333333333335
49 1.666666666666669
50 1.700000000000002
51 1.733333333333335
52 1.766666666666669
53 1.800000000000002
54 1.833333333333336
55 1.866666666666669
56 1.900000000000003
57 1.933333333333336
58 1.966666666666669
59 2.000000000000003
60 2.033333333333336
61 2.066666666666669
62 2.100000000000002
63 2.133333333333336
64 2.166666666666669
65 2.200000000000002
66 2.233333333333335
67 2.266666666666668
68 2.300000000000002
69 2.333333333333335
70 2.366666666666668
71 2.400000000000001
72 2.433333333333334
73 2.466666666666668
74 2.500000000000001
75 2.533333333333334
76 2.566666666666667
77 2.600000000000001
78 2.633333333333334
79 2.666666666666667
80 2.700000000000000
81 2.733333333333333
82 2.766666666666667
83 2.800000000000000
84 2.833333333333333
85 2.866666666666666
86 2.899999999999999
87 2.933333333333333
88 2.966666666666666
89 2.999999999999999
90 3.033333333333332
91 3.066666666666666
92 3.099999999999999
93 3.133333333333332
94 3.166666666666665
95 3.199999999999998
96 3.233333333333332
97 3.266666666666665
98 3.299999999999998
99 3.333333333333331
100 3.366666666666664
101 3.399999999999998
102 3.433333333333331
103 3.466666666666664
104 3.499999999999997
105 3.533333333333331
106 3.566666666666664
107 3.599999999999997
108 3.633333333333330
109 3.666666666666663
110 3.699999999999997
111 3.733333333333330
112 3.766666666666663
113 3.799999999999996
114 3.833333333333329
115 3.866666666666663
116 3.899999999999996
117 3.933333333333329
118 3.966666666666662
119 3.999999999999996
120 4.033333333333329
121 4.066666666666662
122 4.099999999999995
123 4.133333333333328
124 4.166666666666662
125 4.199999999999995
126 4.233333333333328
127 4.266666666666661
